11 -0.05730411687319 0.3371396824805 0.9395393670922 0.01785638178314 -0.00164596176249707 0.31941067290263164 -0.20147430444032843 0 FPWW036_SR0461_1_FIP2_cam_12.png

10 -0.01772103953549 0.3449287337012 0.935010789531 -0.08040495560403 0.00136773119931244 -0.31648566495412583 -0.20091050890060669 0 FPWW036_SR0461_1_FIP2_cam_11.png

9 -0.1336766116255 0.3377729348168 0.9301487289079 0.05351028051291 -0.32012592292741487 0.67754052301867773 0.19747224099402513 0 FPWW036_SR0461_1_FIP2_cam_10.png

8 -0.03482429418958 0.334233117332 0.9375649042144 0.08970809438502 0.33121110143013066 0.67979717997926670 0.19041572351771913 0 FPWW036_SR0461_1_FIP2_cam_09.png

7 -0.1083708017929 0.3544043997718 0.9287895100629 0.001826674076994 -0.31523929544210921 0.36606646744458715 0.14255470146698740 0 FPWW036_SR0461_1_FIP2_cam_08.png

6 -0.01174962668799 0.3360035665936 0.9408539059143 0.04192227611696 0.32900783602700073 0.35585556116656708 0.13687120084991472 0 FPWW036_SR0461_1_FIP2_cam_07.png

5 -0.08788961546198 0.3347949590404 0.936639213258 -0.05380274233211 -0.32957085007599451 0.00181222935540754 0.12692715302758348 0 FPWW036_SR0461_1_FIP2_cam_06.png

4 0.01089352930412 0.3398022360113 0.9403268886567 -0.01418146290715 0.33118253116852042 0.00545609120531776 0.12131480984961354 0 FPWW036_SR0461_1_FIP2_cam_05.png

3 -0.08166828048722 0.3369416035721 0.9318774965405 -0.1067940971498 -0.32534682233080964 -0.36018025193110820 0.14546868360822160 0 FPWW036_SR0461_1_FIP2_cam_04.png

2 0.03284176404455 0.3472239084412 0.9347465751973 -0.06786616313057 0.32750978759702537 -0.35590843662709293 0.14409698262783635 0 FPWW036_SR0461_1_FIP2_cam_03.png

1 -0.04990456588296 0.3274661052957 0.9318349215561 -0.1481862448242 -0.31158984418519176 -0.68975023035961636 0.19638234796137663 0 FPWW036_SR0461_1_FIP2_cam_02.png

0 0.04784615459367 0.3445555057026 0.9307502926951 -0.1126771566408 0.32699411430388692 -0.67576786791510912 0.20192707622450851 0 FPWW036_SR0461_1_FIP2_cam_01.png

