35 -0.0571161388106 0.3371474556957 0.939543393852 0.0180983666217 -0.00450584400483909 0.32238415427101014 -0.20384245169459148 0 FPWW036_SR0461_FIP2_cam_12.png

34 -0.01751323885359 0.3448877815285 0.9350464841268 -0.08021082931475 -0.00138626750174192 -0.31435534117747660 -0.20369372529609445 0 FPWW036_SR0461_FIP2_cam_11.png

33 -0.1335549720826 0.3377702898871 0.9301578746278 0.05367149121677 -0.32395473451588169 0.68047499651086674 0.19539346871735469 0 FPWW036_SR0461_FIP2_cam_10.png

32 -0.03473415863978 0.334248566728 0.9375653562271 0.08968074858417 0.32740832985794394 0.68174602493060710 0.18864317945037481 0 FPWW036_SR0461_FIP2_cam_09.png

31 -0.1082431521899 0.3544421431991 0.9287893379301 0.002133746903629 -0.31852105052470087 0.36971128941520182 0.14077223798109359 0 FPWW036_SR0461_FIP2_cam_08.png

30 -0.01163585351318 0.3359084832371 0.9408797895374 0.0421345397798 0.32585427548768453 0.35897849304748830 0.13438476196889171 0 FPWW036_SR0461_FIP2_cam_07.png

29 -0.08777743745599 0.3348664416222 0.936635401925 -0.05360701082594 -0.33324265117536178 0.00428086988774985 0.12539677033815785 0 FPWW036_SR0461_FIP2_cam_06.png

28 0.01102224271136 0.3397927059471 0.9403328970394 -0.01390934564417 0.32824443522612934 0.00839886526103854 0.11929552889505723 0 FPWW036_SR0461_FIP2_cam_05.png

27 -0.0814360250537 0.3369474828252 0.9319413807115 -0.1063946923428 -0.32804705678081963 -0.35698532662868804 0.14220625261028555 0 FPWW036_SR0461_FIP2_cam_04.png

26 0.03290840733089 0.347187162861 0.9347770278594 -0.06760191460226 0.32429776061025156 -0.35314259621518140 0.14124571261390462 0 FPWW036_SR0461_FIP2_cam_03.png

25 -0.04977400731857 0.3273500097898 0.9319515316585 -0.1477527053067 -0.31456202463266325 -0.68658260604677379 0.19479666610704371 0 FPWW036_SR0461_FIP2_cam_02.png

24 0.04804116063654 0.3443883827204 0.9308369577138 -0.1123888201112 0.32476176987776950 -0.67346356171088761 0.20006581916719052 0 FPWW036_SR0461_FIP2_cam_01.png

23 -0.05673784328811 0.3381980332119 0.9392110821506 0.01689528443365 0.01218020657002335 0.55196370620158441 -0.17029253531528329 0 FPWW036_SR0461_6_FIP2_cam_12.png

22 -0.0171046920424 0.3460094972687 0.9345382397119 -0.08138265064659 0.01667669390308884 -0.08298257797547896 -0.21954670133433002 0 FPWW036_SR0461_6_FIP2_cam_11.png

21 -0.133138224221 0.3387237885307 0.9299359931334 0.05253053407013 -0.29871405108694937 0.90505673966908107 0.25460590512664916 0 FPWW036_SR0461_6_FIP2_cam_10.png

20 -0.03437472140223 0.3353786237684 0.9372711945295 0.08866941498082 0.34197164416299003 0.90657025677446923 0.25193865568943102 0 FPWW036_SR0461_6_FIP2_cam_09.png

19 -0.1078689894109 0.355433250101 0.9284559574362 0.001010419404622 -0.28946954102959133 0.59932873612681314 0.17364602947912275 0 FPWW036_SR0461_6_FIP2_cam_08.png

18 -0.01122960788739 0.3370603608004 0.94052209685 0.04101700160519 0.33984244520648171 0.58836011833170576 0.17346118707952590 0 FPWW036_SR0461_6_FIP2_cam_07.png

17 -0.08744027192868 0.3359179328312 0.9362243745168 -0.05474725388669 -0.31759360352019050 0.23724941871798028 0.13128820229020161 0 FPWW036_SR0461_6_FIP2_cam_06.png

16 0.01139110785269 0.3409544036946 0.9398914480932 -0.01498008893595 0.34329921110207995 0.24077182412647366 0.13039859207239679 0 FPWW036_SR0461_6_FIP2_cam_05.png

15 -0.08097865225787 0.3380426855497 0.931438741028 -0.1076637001827 -0.31297001858797596 -0.12565014954202677 0.12389348945863002 0 FPWW036_SR0461_6_FIP2_cam_04.png

14 0.03330351578337 0.3484024211501 0.9342278365555 -0.0687384766923 0.34338248180720088 -0.12203874734398762 0.12588845576808580 0 FPWW036_SR0461_6_FIP2_cam_03.png

13 -0.04936831983614 0.3284675238104 0.9313998664072 -0.148882986453 -0.30649031394766213 -0.45699263616864255 0.15469040184457983 0 FPWW036_SR0461_6_FIP2_cam_02.png

12 0.0483472524329 0.3456209257069 0.9302379994099 -0.1134283181112 0.34274806676570624 -0.44423438867675435 0.16338824557386150 0 FPWW036_SR0461_6_FIP2_cam_01.png

11 -0.05730411687319 0.3371396824805 0.9395393670922 0.01785638178314 -0.01163994164874847 0.08351321773913666 -0.23261029920909626 0 FPWW036_SR0461_1_FIP2_cam_12.png

10 -0.01772103953549 0.3449287337012 0.935010789531 -0.08040495560403 -0.01044739706921721 -0.55356785733523395 -0.18169135292054103 0 FPWW036_SR0461_1_FIP2_cam_11.png

9 -0.1336766116255 0.3377729348168 0.9301487289079 0.05351028051291 -0.33754714279052661 0.44703362318134615 0.14020087482659208 0 FPWW036_SR0461_1_FIP2_cam_10.png

8 -0.03482429418958 0.334233117332 0.9375649042144 0.08970809438502 0.32420963114334983 0.44943864330143857 0.13039186867405103 0 FPWW036_SR0461_1_FIP2_cam_09.png

7 -0.1083708017929 0.3544043997718 0.9287895100629 0.001826674076994 -0.33706271971999674 0.13082639649570232 0.11250829852800592 0 FPWW036_SR0461_1_FIP2_cam_08.png

6 -0.01174962668799 0.3360035665936 0.9408539059143 0.04192227611696 0.32209267259298852 0.12045593512808637 0.10142919565205731 0 FPWW036_SR0461_1_FIP2_cam_07.png

5 -0.08788961546198 0.3347949590404 0.936639213258 -0.05380274233211 -0.33859257131621701 -0.23614964321388010 0.12381348862651573 0 FPWW036_SR0461_1_FIP2_cam_06.png

4 0.01089352930412 0.3398022360113 0.9403268886567 -0.01418146290715 0.32244807577972379 -0.23243882547605307 0.11448421228824214 0 FPWW036_SR0461_1_FIP2_cam_05.png

3 -0.08166828048722 0.3369416035721 0.9318774965405 -0.1067940971498 -0.33347875446745862 -0.59718426670402247 0.16737548205221597 0 FPWW036_SR0461_1_FIP2_cam_04.png

2 0.03284176404455 0.3472239084412 0.9347465751973 -0.06786616313057 0.31438869527382096 -0.59279992565420303 0.16476576390746694 0 FPWW036_SR0461_1_FIP2_cam_03.png

1 -0.04990456588296 0.3274661052957 0.9318349215561 -0.1481862448242 -0.31334587861248525 -0.92367631575890707 0.24101912729943567 0 FPWW036_SR0461_1_FIP2_cam_02.png

0 0.04784615459367 0.3445555057026 0.9307502926951 -0.1126771566408 0.31428200643463067 -0.90964779811275365 0.24500282022372433 0 FPWW036_SR0461_1_FIP2_cam_01.png

